000010011 4
000010035 4
000010053 4
000010063 3
000010069 4
000010075 3
000010089 5
000010095 4
000010106 4
000010113 6
000010115 5
000010121 5
000010122 6
000010133 4
000010135 3
000010140 5
000010145 5
000010149 5
000010168 1
000010173 1
000030012 6
000030024 3
000030040 4
000030047 4
000030049 4
000030051 4
000030054 4
000030059 3
000030067 5
000030069 4
000030079 5
000030080 5
000030097 4
000030101 5
000030116 7
000030119 6
000030145 5
000030153 3
000030154 5
000030175 1
000050003 5
000050010 4
000050024 3
000050028 4
000050038 4
000050040 4
000050047 3
000050049 3
000050055 3
000050078 5
000050079 5
000050083 4
000050095 4
000050099 5
000050100 5
000050114 5
000050118 5
000050122 6
000050174 3
000050175 2
000060015 6
000060020 5
000060029 4
000060031 4
000060049 3
000060056 3
000060077 5
000060081 5
000060082 3
000060083 4
000060094 5
000060102 4
000060106 6
000060111 5
000060113 5
000060116 7
000060124 6
000060130 3
000060136 4
000060153 4
000240010 5
000240031 8
000240060 7
000240071 10
000240073 9
000240099 9
000240115 6
000240116 6
000240151 5
000240152 8
000240248 8
000240284 7
000240287 5
000240289 6
000240320 8
000240323 9
000240324 7
000240329 8
000240350 7
000240352 8
000260001 3
000260011 5
000260015 6
000260032 4
000260033 4
000260039 4
000260048 4
000260050 4
000260052 4
000260069 4
000260075 3
000260091 5
000260095 5
000260096 5
000260112 6
000260115 6
000260121 5
000260126 5
000260133 4
000260166 4
000360013 6
000360034 10
000360036 6
000360132 8
000360133 7
000360161 5
000360190 7
000360210 7
000360223 9
000360241 7
000360264 9
000360283 5
000360313 6
000360314 5
000360332 7
000360334 7
000360339 8
000360343 8
000360360 9
000360378 5
000440005 3
000440021 5
000440032 4
000440035 4
000440043 4
000440045 3
000440049 4
000440062 3
000440082 3
000440089 5
000440090 3
000440099 5
000440104 5
000440126 4
000440132 5
000440145 5
000440147 5
000440163 5
000440173 4
000440175 2
000480010 3
000480014 5
000480015 6
000480016 5
000480019 5
000480023 4
000480033 4
000480045 4
000480068 3
000480081 5
000480089 5
000480090 3
000480108 5
000480119 7
000480125 7
000480134 4
000480136 5
000480151 4
000480158 5
000480159 5
000490002 3
000490017 5
000490032 3
000490047 4
000490052 4
000490086 5
000490087 4
000490088 3
000490092 4
000490097 5
000490101 4
000490102 5
000490117 5
000490134 5
000490144 6
000490151 5
000490157 3
000490162 4
000490164 4
000490175 5
000530003 5
000530006 6
000530019 5
000530027 3
000530030 4
000530037 4
000530054 3
000530055 3
000530060 4
000530063 3
000530076 5
000530077 5
000530094 5
000530109 5
000530112 5
000530115 6
000530145 7
000530154 5
000530163 5
000530174 4
000540001 3
000540004 3
000540014 5
000540018 6
000540031 4
000540054 4
000540055 3
000540058 5
000540062 3
000540072 5
000540077 5
000540088 4
000540106 6
000540111 5
000540117 5
000540123 6
000540127 5
000540130 3
000540156 4
000540163 5
000560016 6
000560017 6
000560026 4
000560030 4
000560033 4
000560038 3
000560058 4
000560068 3
000560074 4
000560075 5
000560084 4
000560086 5
000560088 3
000560116 7
000560117 8
000560134 5
000560154 5
000560159 3
000560162 5
000560172 4
000700008 5
000700010 3
000700012 4
000700015 6
000700019 5
000700034 4
000700037 4
000700046 4
000700048 4
000700053 4
000700063 3
000700065 3
000700082 3
000700109 5
000700120 5
000700123 5
000700130 4
000700151 4
000700156 2
000700174 3
000750005 3
000750015 6
000750020 5
000750024 3
000750026 4
000750029 4
000750045 4
000750068 3
000750080 5
000750082 3
000750085 4
000750091 5
000750101 4
000750106 5
000750108 4
000750123 5
000750128 4
000750134 3
000750140 4
000750149 6
000920002 3
000920009 3
000920010 5
000920025 4
000920040 4
000920051 4
000920055 3
000920074 3
000920092 5
000920094 5
000920099 5
000920104 5
000920122 5
000920126 5
000920129 5
000920134 4
000920136 6
000920149 7
000920167 4
000920173 3
000930005 3
000930014 5
000930018 7
000930026 4
000930035 4
000930040 4
000930048 4
000930050 4
000930051 4
000930056 3
000930089 5
000930091 5
000930095 4
000930099 5
000930101 4
000930111 7
000930148 5
000930151 4
000930155 4
000930162 4
000940012 6
000940015 6
000940021 4
000940027 4
000940032 3
000940042 4
000940049 4
000940067 5
000940068 3
000940073 4
000940074 3
000940086 4
000940093 5
000940102 4
000940103 5
000940122 8
000940133 4
000940147 5
000940150 2
000940173 5
000960002 3
000960008 5
000960019 5
000960040 4
000960043 4
000960046 4
000960048 4
000960049 4
000960050 4
000960052 4
000960054 4
000960066 5
000960071 3
000960073 4
000960084 5
000960090 3
000960093 5
000960136 6
000960167 3
000960168 3
001030008 5
001030013 5
001030032 4
001030048 3
001030053 3
001030054 3
001030060 5
001030061 3
001030065 3
001030077 6
001030078 5
001030090 3
001030099 5
001030102 5
001030103 5
001030121 5
001030136 6
001030143 6
001030144 6
001030155 4
001040022 4
001040026 4
001040038 4
001040050 4
001040062 3
001040067 5
001040069 4
001040071 3
001040073 4
001040100 5
001040104 4
001040106 5
001040108 5
001040115 5
001040120 5
001040122 6
001040134 4
001040136 6
001040149 9
001040173 4
001110009 3
001110023 4
001110039 4
001110040 2
001110047 4
001110056 3
001110060 3
001110067 5
001110072 5
001110076 5
001110094 5
001110099 5
001110114 5
001110122 6
001110129 4
001110135 3
001110137 6
001110141 5
001110151 5
001110173 5
001120010 3
001120013 5
001120024 3
001120031 4
001120038 4
001120063 3
001120078 5
001120090 3
001120097 5
001120098 5
001120101 4
001120105 5
001120119 7
001120130 3
001120136 6
001120141 5
001120148 4
001120156 5
001120159 4
001120162 4
001130002 3
001130005 5
001130019 5
001130021 4
001130023 4
001130024 3
001130039 4
001130047 4
001130054 4
001130073 4
001130074 3
001130082 3
001130087 4
001130102 4
001130118 5
001130123 6
001130138 5
001130155 4
001130168 5
001130173 3
001140008 5
001140045 4
001140046 4
001140049 4
001140054 4
001140056 3
001140059 3
001140064 3
001140068 5
001140099 5
001140100 4
001140104 4
001140108 5
001140120 6
001140130 3
001140133 4
001140140 5
001140146 7
001140159 4
001140163 4
001200015 10
001200016 7
001200050 10
001200081 6
001200098 7
001200103 9
001200114 9
001200121 6
001200126 5
001200145 9
001200146 8
001200159 5
001200161 7
001200162 6
001200168 8
001200209 8
001200210 10
001200306 8
001200338 5
001200350 7
001220013 4
001220015 6
001220021 3
001220031 4
001220034 4
001220037 3
001220038 4
001220051 4
001220068 3
001220093 4
001220101 4
001220104 4
001220127 5
001220129 4
001220137 6
001220138 5
001220159 4
001220163 4
001220166 5
001220168 5
001310020 3
001310022 3
001310023 4
001310061 5
001310062 3
001310076 6
001310078 5
001310081 4
001310096 7
001310122 6
001310123 7
001310129 5
001310144 2
001310148 1
001310152 5
001310154 5
001310155 2
001310162 2
001310165 5
001310168 3
001330002 3
001330027 3
001330033 4
001330057 4
001330067 3
001330068 3
001330075 5
001330097 5
001330099 6
001330112 4
001330115 6
001330118 7
001330126 6
001330128 6
001330129 5
001330143 5
001330146 6
001330155 3
001330170 4
001330172 4
001350002 6
001350091 9
001350119 7
001350124 10
001350134 5
001350163 6
001350174 7
001350180 10
001350194 10
001350216 6
001350219 8
001350243 6
001350285 6
001350312 7
001350317 6
001350318 8
001350343 7
001350350 5
001350356 6
001350375 7
001450037 4
001450043 4
001450049 6
001450051 4
001450063 3
001450070 4
001450083 5
001450090 7
001450094 6
001450098 7
001450109 3
001450116 7
001450140 3
001450142 1
001450146 4
001450159 5
001450170 4
001450171 5
001450172 4
001450173 1
001490002 5
001490016 5
001490024 4
001490032 4
001490039 4
001490045 6
001490052 5
001490056 5
001490077 6
001490080 5
001490093 5
001490101 5
001490109 4
001490127 5
001490131 4
001490138 4
001490153 5
001490155 2
001490161 4
001490171 2
001570024 8
001570030 9
001570034 8
001570061 7
001570072 8
001570100 6
001570165 5
001570185 6
001570194 9
001570203 6
001570212 7
001570216 7
001570269 9
001570272 5
001570290 6
001570316 7
001570324 8
001570325 8
001570361 5
001570378 7
003060002 7
003060017 6
003060025 8
003060028 10
003060064 10
003060087 8
003060107 7
003060161 6
003060186 6
003060226 7
003060229 5
003060235 5
003060245 8
003060259 7
003060263 9
003060285 8
003060291 9
003060306 9
003060319 5
003060337 6
004570010 10
004570071 6
004570074 9
004570106 6
004570124 6
004570129 6
004570137 6
004570145 8
004570146 6
004570167 5
004570237 7
004570256 8
004570259 10
004570268 5
004570283 10
004570289 10
004570300 9
004570304 5
004570306 6
004570374 6
004610037 5
004610054 5
004610065 10
004610129 5
004610148 5
004610151 6
004610176 5
004610177 7
004610182 10
004610227 7
004610230 8
004610231 8
004610238 6
004610239 5
004610246 6
004610266 5
004610290 5
004610298 6
004610362 7
004610373 6
004820005 8
004820015 9
004820041 9
004820045 5
004820055 5
004820114 10
004820119 6
004820144 6
004820201 9
004820214 5
004820220 5
004820239 5
004820258 5
004820265 10
004820268 7
004820329 6
004820353 8
004820370 7
004820371 8
004820378 8
005600015 8
005600060 5
005600065 8
005600129 10
005600145 5
005600146 5
005600153 4
005600154 10
005600180 5
005600199 5
005600205 9
005600212 7
005600214 5
005600268 7
005600294 5
005600296 7
005600298 5
005600318 10
005600365 6
005600370 7
005630017 6
005630044 6
005630072 7
005630081 10
005630122 9
005630127 9
005630142 6
005630147 6
005630151 7
005630160 5
005630169 7
005630195 7
005630225 9
005630267 5
005630284 7
005630291 10
005630302 5
005630315 10
005630330 6
005630375 6
005670043 5
005670055 5
005670113 6
005670122 6
005670125 8
005670137 5
005670147 6
005670155 6
005670159 7
005670160 6
005670189 7
005670198 6
005670282 9
005670289 5
005670292 6
005670303 6
005670310 6
005670320 6
005670348 6
005670356 8
005750059 9
005750067 5
005750089 10
005750099 9
005750150 9
005750168 6
005750178 5
005750179 6
005750237 6
005750249 7
005750268 7
005750270 9
005750290 5
005750297 8
005750298 5
005750300 5
005750303 5
005750321 5
005750330 9
005750347 8
005940019 9
005940025 7
005940141 7
005940142 6
005940164 8
005940174 10
005940193 8
005940195 5
005940234 6
005940237 8
005940238 6
005940252 6
005940263 9
005940267 6
005940271 7
005940283 6
005940304 7
005940318 10
005940373 8
005940380 10
007360004 8
007360006 9
007360036 7
007360045 6
007360055 8
007360108 5
007360181 9
007360196 10
007360205 9
007360212 6
007360233 5
007360247 7
007360249 6
007360250 6
007360280 10
007360281 5
007360296 8
007360299 7
007360305 5
007360374 5
007390013 5
007390019 7
007390062 8
007390070 10
007390072 5
007390092 6
007390119 7
007390120 6
007390139 8
007390160 8
007390195 9
007390197 7
007390208 8
007390211 5
007390220 8
007390228 6
007390238 7
007390281 5
007390294 5
007390355 9
007650036 10
007650061 7
007650076 9
007650078 7
007650084 7
007650089 10
007650116 6
007650131 9
007650174 6
007650181 8
007650192 6
007650197 7
007650254 5
007650271 5
007650294 7
007650337 8
007650346 5
007650352 5
007650369 8
007650377 9
008110043 7
008110049 7
008110106 7
008110107 10
008110110 10
008110113 7
008110116 6
008110147 9
008110159 9
008110175 5
008110204 7
008110209 9
008110224 4
008110247 6
008110258 6
008110286 8
008110287 7
008110307 8
008110340 5
008110371 6
008130061 8
008130081 10
008130091 9
008130100 9
008130153 5
008130196 6
008130222 6
008130233 7
008130257 5
008130271 7
008130281 5
008130282 10
008130283 8
008130288 9
008130301 6
008130339 7
008130340 9
008130346 5
008130356 6
008130380 9
009600062 6
009600113 10
009600118 9
009600120 5
009600127 8
009600129 6
009600133 9
009600140 6
009600186 6
009600190 9
009600205 7
009600215 5
009600262 5
009600267 8
009600270 6
009600287 7
009600335 10
009600337 5
009600338 7
009600343 6
009810029 7
009810073 7
009810075 10
009810106 8
009810112 8
009810153 5
009810155 7
009810196 9
009810200 5
009810204 10
009810230 9
009810235 5
009810249 8
009810258 7
009810283 8
009810293 6
009810305 5
009810327 6
009810344 5
009810349 5
010120008 5
010120059 10
010120071 9
010120128 5
010120148 9
010120166 8
010120180 5
010120193 5
010120200 7
010120208 8
010120212 8
010120219 7
010120243 10
010120255 8
010120265 5
010120269 7
010120303 9
010120334 8
010120335 9
010120374 5
010270117 5
010270124 7
010270131 6
010270140 9
010270170 6
010270198 9
010270226 6
010270238 6
010270265 6
010270268 10
010270294 6
010270301 7
010270306 10
010270314 6
010270349 7
010270354 5
010270356 9
010270366 10
010270368 8
010270377 10
010290003 6
010290066 9
010290094 5
010290096 8
010290123 8
010290152 9
010290179 6
010290189 6
010290229 6
010290236 8
010290252 10
010290260 5
010290276 6
010290287 7
010290294 6
010290320 9
010290330 8
010290341 9
010290361 8
010290362 7
010300003 5
010300105 10
010300106 6
010300123 6
010300128 5
010300133 7
010300153 7
010300157 7
010300159 8
010300169 5
010300194 7
010300216 9
010300217 6
010300236 5
010300275 7
010300282 5
010300298 6
010300316 10
010300325 6
010300328 6
010330026 9
010330033 5
010330035 8
010330052 6
010330053 9
010330085 7
010330103 7
010330129 10
010330139 10
010330147 6
010330197 9
010330206 9
010330235 6
010330241 6
010330257 9
010330268 7
010330277 10
010330325 8
010330345 6
010330346 9
010370025 8
010370070 8
010370099 8
010370102 5
010370131 6
010370140 10
010370202 5
010370204 5
010370216 5
010370217 5
010370232 6
010370234 10
010370246 8
010370251 6
010370253 7
010370265 9
010370290 9
010370309 7
010370352 8
010370380 5
010390004 9
010390027 8
010390039 5
010390041 5
010390064 7
010390126 5
010390166 4
010390170 5
010390175 6
010390183 5
010390189 7
010390216 5
010390218 8
010390244 8
010390257 6
010390269 5
010390285 6
010390303 5
010390341 9
010390366 10
010420022 4
010420023 4
010420025 4
010420034 4
010420040 4
010420047 3
010420059 4
010420060 4
010420064 4
010420102 5
010420105 5
010420107 6
010420129 4
010420133 4
010420134 4
010420143 6
010420151 4
010420157 4
010420167 6
010420175 5
010440006 6
010440008 5
010440012 6
010440017 5
010440038 4
010440039 4
010440053 7
010440064 5
010440077 4
010440093 4
010440099 4
010440106 6
010440107 6
010440117 5
010440119 5
010440120 3
010440127 4
010440149 5
010440150 5
010440154 4
010460017 6
010460020 5
010460030 4
010460034 4
010460041 4
010460050 6
010460053 4
010460061 4
010460066 6
010460079 5
010460088 4
010460111 5
010460114 6
010460120 3
010460149 5
010460152 5
010460153 3
010460155 5
010460158 5
010460162 5
010500012 5
010500018 3
010500028 4
010500058 3
010500071 5
010500073 5
010500083 7
010500085 5
010500089 5
010500090 4
010500100 4
010500108 6
010500110 5
010500113 5
010500131 5
010500147 5
010500149 8
010500152 6
010500163 5
010500167 4
010610015 5
010610017 4
010610024 4
010610025 3
010610035 4
010610057 5
010610067 4
010610069 5
010610073 5
010610080 3
010610087 4
010610094 5
010610099 5
010610102 5
010610113 6
010610114 7
010610129 4
010610151 4
010610165 5
010610171 6
010640005 10
010640017 10
010640028 9
010640034 7
010640036 10
010640056 9
010640082 6
010640098 5
010640166 8
010640210 8
010640212 6
010640242 5
010640250 7
010640277 6
010640280 10
010640284 5
010640286 7
010640297 9
010640314 6
010640366 10
010750002 5
010750003 5
010750010 3
010750011 5
010750021 5
010750024 3
010750026 3
010750035 4
010750043 4
010750060 5
010750062 4
010750072 4
010750094 5
010750097 5
010750099 5
010750102 5
010750104 7
010750117 5
010750163 4
010750168 4
010760001 3
010760002 5
010760013 5
010760032 4
010760038 4
010760046 5
010760060 5
010760062 3
010760067 5
010760076 4
010760079 4
010760089 4
010760097 5
010760108 7
010760111 6
010760116 6
010760136 4
010760151 4
010760162 3
010760169 4
010920012 5
010920024 4
010920025 6
010920030 4
010920032 4
010920033 4
010920043 4
010920044 4
010920065 4
010920070 4
010920075 5
010920101 5
010920105 5
010920125 7
010920126 7
010920138 5
010920141 6
010920153 4
010920159 7
010920165 4
010990020 8
010990048 9
010990060 6
010990063 8
010990082 8
010990087 10
010990123 6
010990139 6
010990162 7
010990165 5
010990188 9
010990202 7
010990218 5
010990239 5
010990260 8
010990267 7
010990276 6
010990279 8
010990291 6
010990313 5
011090011 5
011090020 7
011090034 5
011090089 5
011090140 10
011090154 7
011090184 6
011090220 7
011090235 7
011090246 6
011090273 6
011090277 7
011090292 10
011090295 7
011090320 10
011090329 5
011090333 9
011090334 9
011090335 7
011090359 10
011350001 8
011350026 9
011350027 7
011350064 8
011350116 9
011350141 10
011350158 5
011350173 6
011350190 9
011350215 5
011350218 7
011350221 6
011350225 10
011350249 8
011350257 8
011350290 7
011350303 6
011350318 8
011350345 10
011350374 5
011560005 9
011560058 8
011560063 8
011560068 10
011560072 5
011560075 9
011560086 9
011560100 10
011560117 6
011560184 9
011560192 8
011560202 6
011560257 9
011560269 8
011560275 6
011560289 6
011560320 7
011560353 5
011560354 8
011560372 5
011810063 7
011810067 10
011810133 7
011810162 8
011810168 5
011810173 9
011810184 10
011810197 9
011810206 5
011810213 5
011810214 8
011810222 5
011810246 6
011810247 7
011810279 6
011810280 6
011810284 10
011810314 7
011810334 6
011810377 8
011860256 6
011860263 7
011860264 5
011860284 5
011860285 6
011860287 8
011860292 6
011860298 5
011860301 7
011860308 10
011860317 4
011860332 6
011860335 8
011860346 6
011860359 5
011860361 7
011860363 9
011860372 6
011860373 5
011860377 10
011970004 5
011970006 7
011970019 5
011970023 6
011970036 3
011970042 4
011970075 4
011970081 4
011970087 4
011970088 4
011970092 4
011970095 5
011970107 6
011970132 5
011970141 5
011970142 6
011970145 7
011970165 5
011970173 3
011970175 8
012030007 5
012030010 6
012030013 5
012030024 3
012030027 6
012030031 4
012030032 4
012030036 4
012030043 4
012030044 4
012030053 6
012030055 6
012030058 5
012030072 4
012030078 3
012030083 5
012030093 4
012030097 5
012030116 6
012030138 4
012280016 5
012280033 10
012280053 9
012280054 9
012280161 8
012280173 6
012280198 9
012280201 8
012280206 8
012280243 7
012280261 7
012280262 6
012280276 5
012280288 5
012280308 9
012280343 5
012280345 5
012280355 5
012280366 8
012280375 5
012600017 8
012600072 6
012600082 8
012600129 8
012600131 7
012600177 6
012600186 6
012600210 10
012600219 5
012600224 5
012600251 5
012600252 5
012600263 7
012600281 7
012600295 5
012600330 5
012600338 5
012600345 8
012600357 6
012600368 6
012920007 6
012920027 9
012920054 5
012920062 7
012920073 6
012920085 6
012920110 10
012920121 5
012920143 10
012920146 7
012920155 9
012920158 6
012920214 7
012920254 6
012920259 5
012920268 9
012920270 5
012920299 7
012920301 5
012920368 5
012930008 7
012930012 6
012930028 9
012930036 5
012930037 7
012930040 6
012930051 7
012930067 7
012930079 6
012930097 9
012930114 6
012930127 7
012930139 7
012930155 6
012930195 7
012930225 8
012930240 8
012930261 6
012930266 5
012930315 5
013090018 7
013090027 6
013090041 7
013090051 8
013090076 6
013090105 5
013090128 8
013090147 10
013090148 6
013090160 7
013090179 10
013090181 6
013090184 5
013090185 6
013090202 5
013090232 6
013090267 10
013090287 5
013090339 7
013090364 10
013340007 9
013340034 6
013340046 6
013340091 9
013340137 7
013340147 7
013340159 8
013340204 6
013340217 7
013340243 8
013340245 9
013340255 8
013340259 9
013340277 6
013340291 7
013340297 7
013340313 6
013340345 7
013340375 8
013340378 6
013360001 10
013360002 6
013360016 6
013360082 10
013360123 5
013360130 8
013360140 5
013360145 6
013360146 6
013360161 9
013360162 6
013360171 8
013360226 7
013360234 9
013360235 5
013360257 5
013360263 5
013360268 5
013360360 7
013360363 5
013620027 5
013620030 10
013620106 7
013620108 8
013620128 5
013620137 8
013620140 8
013620143 7
013620146 5
013620162 5
013620175 7
013620184 5
013620185 10
013620210 8
013620241 5
013620257 5
013620258 5
013620292 6
013620361 5
013620366 5
013720023 5
013720051 9
013720070 7
013720082 8
013720140 8
013720152 8
013720153 6
013720167 6
013720182 7
013720189 10
013720198 7
013720199 7
013720201 6
013720215 5
013720233 5
013720256 7
013720274 9
013720275 7
013720311 6
013720360 9
014040005 4
014040013 5
014040027 3
014040028 4
014040052 4
014040072 4
014040081 3
014040088 4
014040089 4
014040090 4
014040096 4
014040097 5
014040109 6
014040111 6
014040122 6
014040124 4
014040145 7
014040148 6
014040152 5
014040155 4
014070040 10
014070080 5
014070092 7
014070101 8
014070159 6
014070207 6
014070217 5
014070239 5
014070248 6
014070265 7
014070270 5
014070281 8
014070297 9
014070304 8
014070308 8
014070336 7
014070341 10
014070343 7
014070349 10
014070358 7
014080008 5
014080073 5
014080091 8
014080103 7
014080117 8
014080134 5
014080149 5
014080178 5
014080201 7
014080243 7
014080270 8
014080279 7
014080301 5
014080333 8
014080336 6
014080337 6
014080339 5
014080358 8
014080361 10
014080362 6
014180002 7
014180008 5
014180011 5
014180013 5
014180044 4
014180051 4
014180063 3
014180077 4
014180084 5
014180088 4
014180100 6
014180131 5
014180139 8
014180143 8
014180150 6
014180155 4
014180158 4
014180160 4
014180165 5
014180166 5
014190006 5
014190025 6
014190027 4
014190030 4
014190055 5
014190059 5
014190060 3
014190062 3
014190064 4
014190071 3
014190073 4
014190081 4
014190088 5
014190095 4
014190098 5
014190107 7
014190108 6
014190114 5
014190128 3
014190172 4
014200011 7
014200060 7
014200076 8
014200086 7
014200087 9
014200124 5
014200161 8
014200177 6
014200206 8
014200207 7
014200229 10
014200238 5
014200246 5
014200272 10
014200295 7
014200296 5
014200339 9
014200342 8
014200353 10
014200357 6
014220001 6
014220003 6
014220021 5
014220027 4
014220038 2
014220044 4
014220048 7
014220058 5
014220066 4
014220068 4
014220070 4
014220081 4
014220087 5
014220102 5
014220115 5
014220140 6
014220142 6
014220159 4
014220160 4
014220167 4
014350004 6
014350012 6
014350016 6
014350017 6
014350018 6
014350020 6
014350022 4
014350028 4
014350085 5
014350094 6
014350103 5
014350110 6
014350127 4
014350133 4
014350146 7
014350153 4
014350157 4
014350158 5
014350163 4
014350165 6
014390008 6
014390009 6
014390045 4
014390051 7
014390052 7
014390057 4
014390064 5
014390068 5
014390076 5
014390086 5
014390090 5
014390117 7
014390124 4
014390133 6
014390134 6
014390135 7
014390143 6
014390154 5
014390156 6
014390163 5
014470007 6
014470017 5
014470026 3
014470028 4
014470031 3
014470038 4
014470039 4
014470048 3
014470053 3
014470060 3
014470063 5
014470072 4
014470084 5
014470100 5
014470109 6
014470124 5
014470140 9
014470141 7
014470149 4
014470150 4
014650011 5
014650023 6
014650032 4
014650037 4
014650038 4
014650040 4
014650041 2
014650043 4
014650047 4
014650058 4
014650059 5
014650063 4
014650085 5
014650087 5
014650088 6
014650108 6
014650113 6
014650125 4
014650145 7
014650164 4
014690004 6
014690006 6
014690018 6
014690020 7
014690047 4
014690048 7
014690050 7
014690055 7
014690062 5
014690067 5
014690074 5
014690082 5
014690110 6
014690113 7
014690121 4
014690125 4
014690136 4
014690144 6
014690150 4
014690167 9
015010004 6
015010014 6
015010033 3
015010038 4
015010041 4
015010079 3
015010087 4
015010094 5
015010097 5
015010103 5
015010115 7
015010121 3
015010125 5
015010137 5
015010145 7
015010151 6
015010156 4
015010159 4
015010169 7
015010170 6
015020001 5
015020007 7
015020010 5
015020012 7
015020017 5
015020022 4
015020029 4
015020045 4
015020061 5
015020065 4
015020070 6
015020088 5
015020097 5
015020099 4
015020101 5
015020113 6
015020126 3
015020136 4
015020161 9
015020162 4
015030001 6
015030005 6
015030006 5
015030010 5
015030015 7
015030027 6
015030030 2
015030041 4
015030067 5
015030077 5
015030082 5
015030106 5
015030109 7
015030115 6
015030118 8
015030122 5
015030125 3
015030133 3
015030142 7
015030150 4
020020015 5
020020032 9
020020094 8
020020108 7
020020123 6
020020174 5
020020181 7
020020185 7
020020204 6
020020206 6
020020208 8
020020220 6
020020278 6
020020285 8
020020295 9
020020303 6
020020348 6
020020357 6
020020361 6
020020377 5
020070039 4
020070050 4
020070065 5
020070066 5
020070070 4
020070079 6
020070081 6
020070083 5
020070086 5
020070091 6
020070095 6
020070105 5
020070132 7
020070146 6
020070152 6
020070153 5
020070154 5
020070157 4
020070165 7
020070166 4
020140004 5
020140014 5
020140028 4
020140032 5
020140036 4
020140041 4
020140045 4
020140048 4
020140055 5
020140059 6
020140074 5
020140083 6
020140087 6
020140096 7
020140099 8
020140114 6
020140117 5
020140121 6
020140133 7
020140173 5
020160042 7
020160068 8
020160093 7
020160128 8
020160131 7
020160132 7
020160151 8
020160171 7
020160178 8
020160207 7
020160222 6
020160245 8
020160264 4
020160295 8
020160312 6
020160318 5
020160335 8
020160344 5
020160347 10
020160371 9
020220021 8
020220023 10
020220033 8
020220048 5
020220056 7
020220060 5
020220072 8
020220091 7
020220120 6
020220122 6
020220139 6
020220141 5
020220176 6
020220200 7
020220221 5
020220232 5
020220259 7
020220264 9
020220295 7
020220366 6
020270001 7
020270005 5
020270020 5
020270030 4
020270042 4
020270048 4
020270049 4
020270077 7
020270087 5
020270108 6
020270113 4
020270136 6
020270142 8
020270146 6
020270161 4
020270167 4
020270168 5
020270170 4
020270171 5
020270174 6
020300005 5
020300012 5
020300017 5
020300020 6
020300044 4
020300053 4
020300056 5
020300057 5
020300059 4
020300065 4
020300073 4
020300083 6
020300097 5
020300121 4
020300132 5
020300143 5
020300147 6
020300156 5
020300171 6
020300173 4
020310032 5
020310042 7
020310075 8
020310085 7
020310112 5
020310114 8
020310133 9
020310141 5
020310148 6
020310151 7
020310154 6
020310174 7
020310219 7
020310273 9
020310281 6
020310295 8
020310297 6
020310322 5
020310335 5
020310376 7
020340016 6
020340019 6
020340029 4
020340043 4
020340055 4
020340056 6
020340063 4
020340065 4
020340071 4
020340096 6
020340098 6
020340109 7
020340113 9
020340124 5
020340140 4
020340144 9
020340156 7
020340162 5
020340166 4
020340169 6
020360017 6
020360019 6
020360036 7
020360055 9
020360089 9
020360097 7
020360100 7
020360131 10
020360136 5
020360143 5
020360202 7
020360211 6
020360220 6
020360228 5
020360245 6
020360299 9
020360301 5
020360302 8
020360312 10
020360329 6
020590022 5
020590026 10
020590047 5
020590077 10
020590103 5
020590121 6
020590122 5
020590123 6
020590144 8
020590151 5
020590164 5
020590181 6
020590228 8
020590265 7
020590274 8
020590276 9
020590290 5
020590322 8
020590359 5
020590376 7
020610010 5
020610014 5
020610061 8
020610090 6
020610122 7
020610134 5
020610166 5
020610168 7
020610174 6
020610175 6
020610194 6
020610201 5
020610206 5
020610207 6
020610291 5
020610302 6
020610316 7
020610328 5
020610341 9
020610343 9
020890003 9
020890037 5
020890112 6
020890134 6
020890156 5
020890165 8
020890206 7
020890207 6
020890215 7
020890219 5
020890259 7
020890260 5
020890267 6
020890274 9
020890306 8
020890313 7
020890326 9
020890340 9
020890346 7
020890371 5
021120025 5
021120059 9
021120074 10
021120075 10
021120085 5
021120108 10
021120135 6
021120151 5
021120161 7
021120164 9
021120171 5
021120187 7
021120232 6
021120233 7
021120250 7
021120256 10
021120296 7
021120309 10
021120321 9
021120354 5
021160002 8
021160027 8
021160075 8
021160080 5
021160089 10
021160090 5
021160120 10
021160134 7
021160185 6
021160188 5
021160195 5
021160198 7
021160203 6
021160207 5
021160212 6
021160232 6
021160249 6
021160303 10
021160310 10
021160326 8
021290009 7
021290011 6
021290068 8
021290121 6
021290134 6
021290144 8
021290148 7
021290160 5
021290169 6
021290173 6
021290200 7
021290209 8
021290235 8
021290261 6
021290282 8
021290291 8
021290319 8
021290324 5
021290326 6
021290371 6
021680007 6
021680016 7
021680048 9
021680052 8
021680122 8
021680154 5
021680169 6
021680190 10
021680237 8
021680246 5
021680249 7
021680251 5
021680266 6
021680288 10
021680297 7
021680318 8
021680332 5
021680369 6
021680379 8
021680380 10
021700029 7
021700034 6
021700062 9
021700077 4
021700120 9
021700131 5
021700139 6
021700153 10
021700176 5
021700211 7
021700224 7
021700232 8
021700236 10
021700240 9
021700277 8
021700287 7
021700291 5
021700300 9
021700362 5
021700379 5
021790008 5
021790025 5
021790030 4
021790035 4
021790039 4
021790040 4
021790043 3
021790055 5
021790075 4
021790081 6
021790083 5
021790084 6
021790108 6
021790112 4
021790125 7
021790149 4
021790152 6
021790168 6
021790169 6
021790173 6
022080028 6
022080038 7
022080085 6
022080100 7
022080116 7
022080124 9
022080146 7
022080179 10
022080181 7
022080186 6
022080187 6
022080189 5
022080192 7
022080202 5
022080204 5
022080210 10
022080294 5
022080299 8
022080340 8
022080341 6
022360092 7
022360126 8
022360147 5
022360159 6
022360185 5
022360186 5
022360221 6
022360222 5
022360227 5
022360231 5
022360253 8
022360259 5
022360262 5
022360265 8
022360293 6
022360310 9
022360311 6
022360321 10
022360326 6
022360350 7
022420015 5
022420045 6
022420067 6
022420073 8
022420086 7
022420106 5
022420129 5
022420138 5
022420146 5
022420164 6
022420168 8
022420172 5
022420273 8
022420288 7
022420292 6
022420306 7
022420342 5
022420346 8
022420348 9
022420362 8
022440038 7
022440039 10
022440062 9
022440073 8
022440126 5
022440134 7
022440139 5
022440144 5
022440165 7
022440180 8
022440189 10
022440215 6
022440277 6
022440286 10
022440312 6
022440337 6
022440340 6
022440352 6
022440361 8
022440362 7
022510066 7
022510069 6
022510089 7
022510093 8
022510095 7
022510122 6
022510152 9
022510166 6
022510190 9
022510211 6
022510230 9
022510237 9
022510255 5
022510266 5
022510276 6
022510291 6
022510300 5
022510320 6
022510323 5
022510368 7
022520012 8
022520036 7
022520067 7
022520159 5
022520174 10
022520200 5
022520203 7
022520209 10
022520221 5
022520225 5
022520226 5
022520258 8
022520272 8
022520290 6
022520337 5
022520345 6
022520358 10
022520360 9
022520366 8
022520375 5
022820020 10
022820021 7
022820026 6
022820042 10
022820062 9
022820072 9
022820079 9
022820106 7
022820107 6
022820121 5
022820134 5
022820142 5
022820155 7
022820191 6
022820197 6
022820281 5
022820291 6
022820293 6
022820317 6
022820357 5
023270032 6
023270080 5
023270098 7
023270118 6
023270120 8
023270140 9
023270148 7
023270161 7
023270171 5
023270214 6
023270237 9
023270268 6
023270280 6
023270286 5
023270303 7
023270315 6
023270319 9
023270321 9
023270331 8
023270364 8
023550002 10
023550003 10
023550008 7
023550013 7
023550099 6
023550123 8
023550138 5
023550167 5
023550175 8
023550201 9
023550202 7
023550230 10
023550233 5
023550237 9
023550257 7
023550260 7
023550290 6
023550310 7
023550319 6
023550341 5
023800015 8
023800042 8
023800056 5
023800093 9
023800114 10
023800124 9
023800160 5
023800186 6
023800242 6
023800260 7
023800277 6
023800278 8
023800280 7
023800298 8
023800326 8
023800330 9
023800338 8
023800352 7
023800363 6
023800368 5
024020047 7
024020051 9
024020053 6
024020069 9
024020084 6
024020142 9
024020158 8
024020175 5
024020176 8
024020205 6
024020233 8
024020238 8
024020253 7
024020256 5
024020260 6
024020265 5
024020291 7
024020321 5
024020328 10
024020337 10
024270011 9
024270019 6
024270028 8
024270051 7
024270053 6
024270057 7
024270077 5
024270127 5
024270155 7
024270168 6
024270176 6
024270178 6
024270183 7
024270197 7
024270206 5
024270245 8
024270270 8
024270292 7
024270313 5
024270336 5
024300001 9
024300052 9
024300061 5
024300063 7
024300065 8
024300068 9
024300080 4
024300082 9
024300093 9
024300099 6
024300118 7
024300131 7
024300132 5
024300135 9
024300189 6
024300221 5
024300270 6
024300330 6
024300345 9
024300360 6
024380040 8
024380041 5
024380116 10
024380142 6
024380154 5
024380194 6
024380197 8
024380200 8
024380204 6
024380234 6
024380247 5
024380265 5
024380276 6
024380278 9
024380315 4
024380317 8
024380325 9
024380354 5
024380363 5
024380369 5
024410049 5
024410052 10
024410092 10
024410098 9
024410110 10
024410149 7
024410158 5
024410160 6
024410173 9
024410222 8
024410228 6
024410240 5
024410241 7
024410294 5
024410312 10
024410318 9
024410322 8
024410350 6
024410368 10
024410377 5
024480016 7
024480028 7
024480094 9
024480095 9
024480105 9
024480127 10
024480159 6
024480186 5
024480188 10
024480212 7
024480228 7
024480232 9
024480241 7
024480244 7
024480251 6
024480255 7
024480270 7
024480292 7
024480297 9
024480335 5
024500006 6
024500021 10
024500033 5
024500095 9
024500126 5
024500139 6
024500141 7
024500147 7
024500151 5
024500156 6
024500164 6
024500228 9
024500250 8
024500268 10
024500284 9
024500317 7
024500327 6
024500333 5
024500350 5
024500363 7
024510017 8
024510043 8
024510061 9
024510070 9
024510114 8
024510164 7
024510179 6
024510195 8
024510206 7
024510215 9
024510224 9
024510247 10
024510252 8
024510275 6
024510316 5
024510323 7
024510336 5
024510351 6
024510352 9
024510375 5
024880041 5
024880059 6
024880070 8
024880098 6
024880118 8
024880155 9
024880176 7
024880190 8
024880194 8
024880195 8
024880207 6
024880210 9
024880234 5
024880245 7
024880258 9
024880267 5
024880269 8
024880299 9
024880303 7
024880339 7
025380004 10
025380051 7
025380065 5
025380091 6
025380107 7
025380133 5
025380149 7
025380151 6
025380152 6
025380158 10
025380162 5
025380175 7
025380202 5
025380217 5
025380251 6
025380256 7
025380277 5
025380298 7
025380340 6
025380347 8
026210005 7
026210047 10
026210096 6
026210123 8
026210132 7
026210135 5
026210136 6
026210141 6
026210157 8
026210177 7
026210185 5
026210203 7
026210213 6
026210220 9
026210231 5
026210242 7
026210262 6
026210287 8
026210299 9
026210302 5
027400077 8
027400094 7
027400125 6
027400126 6
027400145 7
027400146 9
027400151 9
027400171 8
027400173 5
027400176 6
027400201 9
027400238 8
027400246 8
027400276 5
027400283 5
027400286 5
027400289 10
027400295 8
027400321 8
027400372 6
027990028 8
027990046 5
027990056 8
027990059 6
027990066 7
027990153 5
027990156 9
027990160 8
027990162 9
027990167 6
027990201 8
027990232 8
027990242 5
027990247 7
027990264 8
027990309 5
027990328 8
027990330 6
027990341 7
027990358 9
028920012 5
028920027 7
028920044 8
028920050 6
028920120 5
028920122 6
028920128 6
028920131 8
028920174 5
028920200 7
028920207 6
028920213 7
028920214 8
028920224 5
028920235 7
028920239 6
028920242 8
028920259 7
028920315 7
028920321 5
028970002 9
028970016 10
028970022 8
028970039 10
028970052 7
028970057 9
028970088 5
028970129 5
028970146 7
028970153 6
028970158 7
028970190 5
028970198 7
028970221 5
028970245 8
028970251 7
028970273 5
028970279 6
028970294 7
028970329 9
029170012 10
029170043 9
029170055 10
029170086 5
029170104 5
029170149 7
029170156 6
029170161 9
029170177 9
029170181 5
029170196 5
029170197 9
029170211 7
029170226 6
029170231 9
029170252 5
029170309 10
029170321 7
029170359 8
029170362 8
029370015 6
029370032 8
029370040 8
029370106 9
029370108 10
029370123 5
029370126 6
029370142 8
029370153 5
029370185 6
029370193 5
029370210 8
029370217 6
029370221 5
029370230 8
029370235 8
029370239 6
029370270 8
029370303 7
029370379 5
029810020 6
029810027 10
029810135 7
029810139 5
029810147 5
029810158 6
029810200 5
029810204 5
029810216 6
029810221 6
029810234 6
029810235 8
029810243 8
029810283 5
029810294 6
029810301 6
029810315 6
029810349 8
029810350 9
029810360 5
030020008 6
030020012 6
030020022 4
030020047 5
030020048 7
030020065 4
030020077 4
030020092 6
030020100 8
030020112 4
030020117 4
030020126 7
030020136 5
030020138 4
030020144 5
030020152 5
030020159 6
030020161 5
030020162 7
030020172 5
030070015 7
030070017 5
030070019 8
030070022 5
030070025 5
030070043 5
030070049 8
030070054 7
030070058 4
030070066 6
030070093 7
030070094 8
030070099 4
030070108 4
030070111 4
030070112 8
030070135 6
030070138 6
030070152 9
030070159 5
030120001 7
030120003 9
030120018 4
030120021 4
030120029 4
030120044 6
030120072 4
030120079 4
030120089 5
030120097 6
030120106 7
030120121 4
030120141 5
030120150 4
030120154 4
030120155 5
030120157 6
030120163 5
030120165 5
030120173 4
030140009 4
030140010 8
030140017 5
030140025 8
030140043 4
030140053 5
030140075 6
030140086 6
030140089 4
030140092 4
030140095 5
030140099 5
030140126 10
030140128 6
030140129 4
030140132 7
030140134 5
030140144 4
030140147 5
030140173 4
030200005 10
030200011 4
030200016 4
030200018 4
030200019 6
030200021 10
030200037 6
030200041 5
030200049 5
030200057 5
030200076 4
030200078 8
030200087 5
030200101 6
030200105 5
030200108 5
030200137 6
030200151 5
030200153 9
030200164 8
030210005 5
030210032 5
030210041 6
030210042 8
030210044 4
030210045 4
030210047 6
030210050 4
030210060 7
030210074 5
030210079 8
030210082 4
030210118 6
030210123 4
030210137 4
030210143 6
030210152 10
030210164 6
030210165 6
030210175 6
030230003 7
030230018 7
030230056 6
030230060 10
030230086 6
030230092 8
030230119 9
030230170 8
030230182 5
030230194 8
030230209 6
030230253 7
030230260 8
030230276 8
030230280 8
030230311 6
030230330 9
030230336 6
030230340 8
030230374 7
030270013 6
030270014 9
030270026 9
030270033 9
030270049 8
030270053 5
030270054 6
030270073 8
030270075 4
030270083 5
030270093 6
030270116 5
030270121 9
030270140 7
030270141 9
030270147 4
030270151 4
030270161 4
030270168 4
030270175 7
030460032 4
030460038 10
030460048 5
030460051 5
030460052 7
030460071 5
030460085 4
030460097 10
030460106 5
030460110 5
030460114 6
030460126 4
030460133 6
030460142 8
030460146 7
030460147 9
030460157 6
030460158 5
030460160 6
030460163 5
030490010 6
030490013 5
030490029 5
030490040 7
030490055 9
030490062 5
030490063 6
030490071 6
030490076 5
030490078 6
030490095 7
030490126 5
030490127 7
030490130 4
030490138 6
030490140 6
030490142 5
030490166 7
030490168 4
030490170 5
030600004 5
030600011 7
030600020 4
030600023 7
030600039 5
030600041 6
030600042 4
030600052 8
030600054 7
030600055 4
030600070 5
030600085 7
030600099 5
030600104 6
030600140 6
030600147 5
030600154 4
030600156 5
030600160 4
030600168 10
030680003 7
030680005 8
030680009 5
030680016 7
030680027 6
030680034 4
030680037 4
030680045 6
030680054 6
030680056 5
030680072 5
030680075 4
030680090 7
030680092 4
030680097 4
030680105 4
030680114 5
030680119 5
030680140 4
030680162 5
030750012 7
030750030 8
030750034 8
030750042 5
030750057 6
030750058 5
030750061 5
030750074 4
030750076 6
030750078 6
030750088 4
030750093 5
030750098 7
030750108 4
030750119 4
030750128 6
030750146 5
030750155 4
030750165 2
030750170 5
030830001 8
030830004 4
030830013 9
030830021 8
030830030 4
030830033 8
030830043 5
030830069 6
030830074 5
030830093 5
030830094 5
030830102 6
030830116 6
030830118 8
030830124 10
030830129 6
030830135 4
030830147 4
030830154 4
030830169 4
030880003 5
030880015 4
030880018 6
030880019 5
030880025 7
030880041 10
030880049 4
030880057 5
030880058 7
030880067 7
030880086 5
030880092 4
030880096 5
030880099 5
030880105 4
030880123 5
030880131 4
030880146 4
030880172 5
030880173 4
032080019 4
032080038 6
032080043 5
032080056 4
032080058 4
032080071 5
032080078 7
032080079 9
032080083 7
032080088 4
032080092 8
032080093 6
032080099 4
032080103 5
032080110 7
032080119 8
032080132 5
032080145 7
032080150 5
032080161 5
032140001 6
032140007 8
032140013 4
032140017 6
032140025 8
032140054 4
032140060 7
032140069 6
032140073 4
032140078 5
032140082 9
032140087 4
032140094 4
032140110 5
032140117 5
032140121 10
032140135 5
032140150 4
032140164 4
032140169 4
034120002 6
034120012 4
034120027 6
034120035 6
034120047 4
034120050 4
034120052 6
034120067 5
034120077 6
034120085 6
034120101 4
034120111 4
034120125 4
034120155 5
034120161 5
034120162 5
034120165 5
034120170 6
034120173 6
034120174 6
034230011 4
034230034 4
034230035 4
034230043 5
034230051 8
034230058 6
034230063 7
034230072 4
034230079 4
034230081 4
034230083 4
034230085 5
034230108 6
034230112 6
034230115 6
034230123 7
034230141 9
034230154 6
034230164 7
034230168 5
036310007 5
036310021 5
036310035 5
036310036 6
036310041 7
036310047 6
036310062 9
036310063 6
036310080 5
036310097 9
036310098 5
036310100 5
036310110 6
036310116 6
036310120 6
036310134 7
036310148 8
036310159 7
036310170 5
036310171 6
036360016 5
036360027 5
036360029 7
036360032 5
036360033 7
036360034 4
036360044 10
036360055 5
036360061 6
036360062 6
036360071 9
036360106 7
036360111 10
036360114 4
036360142 7
036360151 7
036360154 5
036360160 6
036360167 7
036360174 4
038370004 8
038370013 6
038370019 6
038370045 5
038370052 4
038370056 5
038370060 4
038370061 4
038370068 8
038370070 5
038370081 5
038370097 4
038370105 4
038370107 5
038370128 6
038370142 6
038370153 9
038370160 4
038370167 8
038370170 4
040050015 7
040050041 10
040050060 7
040050071 5
040050094 7
040050107 6
040050110 5
040050125 6
040050142 7
040050180 10
040050183 5
040050203 6
040050205 7
040050255 6
040050264 5
040050271 7
040050281 8
040050295 7
040050306 5
040050358 6
050150021 7
050150024 8
050150028 4
050150041 10
050150069 5
050150070 6
050150091 7
050150093 9
050150108 7
050150116 8
050150125 6
050150129 5
050150142 5
050150145 5
050150159 5
050150163 4
050150165 4
050150170 7
050150173 9
050150175 4
050170001 6
050170002 9
050170005 5
050170051 6
050170092 4
050170099 7
050170100 4
050170101 8
050170102 9
050170113 7
050170117 6
050170123 4
050170129 4
050170131 9
050170132 10
050170136 5
050170145 7
050170151 6
050170154 7
050170165 8
050290009 7
050290028 9
050290038 8
050290042 5
050290060 7
050290062 6
050290068 8
050290079 5
050290087 10
050290120 4
050290126 8
050290129 6
050290132 8
050290136 5
050290145 9
050290149 4
050290156 4
050290162 4
050290167 8
050290174 4
050390001 10
050390011 7
050390020 5
050390021 5
050390038 10
050390040 6
050390048 7
050390049 6
050390057 6
050390059 8
050390081 4
050390084 5
050390087 9
050390090 6
050390092 4
050390097 5
050390114 5
050390129 6
050390130 4
050390175 6
050720001 5
050720003 6
050720006 9
050720017 6
050720025 4
050720040 5
050720045 8
050720063 9
050720072 7
050720076 9
050720078 7
050720079 9
050720102 7
050720124 9
050720126 5
050720136 5
050720138 6
050720150 5
050720158 8
050720175 9
051950005 7
051950011 8
051950018 9
051950025 5
051950032 5
051950033 10
051950038 6
051950044 5
051950050 5
051950051 5
051950067 10
051950075 8
051950086 5
051950088 4
051950096 6
051950138 7
051950154 6
051950163 5
051950164 6
051950170 9
052180017 6
052180027 5
052180028 8
052180037 5
052180041 8
052180042 7
052180046 4
052180068 6
052180084 4
052180090 4
052180093 9
052180098 8
052180104 10
052180112 9
052180117 4
052180124 8
052180137 8
052180143 8
052180146 7
052180160 6
052200004 8
052200008 6
052200020 7
052200044 9
052200050 10
052200064 4
052200066 5
052200076 5
052200089 4
052200092 6
052200094 5
052200095 6
052200101 6
052200110 6
052200142 10
052200150 8
052200152 8
052200155 7
052200162 5
052200168 8
054010004 9
054010009 5
054010014 4
054010032 4
054010046 5
054010051 5
054010055 4
054010061 4
054010072 4
054010079 9
054010091 5
054010095 5
054010105 5
054010107 7
054010123 4
054010130 4
054010136 8
054010148 4
054010155 4
054010165 6
054060017 4
054060036 9
054060044 7
054060049 4
054060064 9
054060076 10
054060077 5
054060091 6
054060099 10
054060104 7
054060113 4
054060116 4
054060119 4
054060126 8
054060139 9
054060147 9
054060149 9
054060153 5
054060172 5
054060173 10
054080004 7
054080008 5
054080011 5
054080019 7
054080021 6
054080033 5
054080035 9
054080042 8
054080065 5
054080081 10
054080109 9
054080123 5
054080138 6
054080150 6
054080151 6
054080154 7
054080163 7
054080165 7
054080167 7
054080174 8
054140003 5
054140010 9
054140015 4
054140019 5
054140021 6
054140039 4
054140051 6
054140057 6
054140077 10
054140098 6
054140104 5
054140106 4
054140113 4
054140115 6
054140118 7
054140119 5
054140122 6
054140127 8
054140154 5
054140158 7
054180014 5
054180015 4
054180021 8
054180022 7
054180029 5
054180033 4
054180059 4
054180063 4
054180075 4
054180076 8
054180077 4
054180079 4
054180087 7
054180091 5
054180096 5
054180111 6
054180123 6
054180126 6
054180130 10
054180174 8
054240002 7
054240025 5
054240038 6
054240039 6
054240048 5
054240053 8
054240079 4
054240091 4
054240093 4
054240094 4
054240097 9
054240099 10
054240109 5
054240115 6
054240116 6
054240117 6
054240125 6
054240126 6
054240138 7
054240152 9
054280012 6
054280018 4
054280021 4
054280023 6
054280024 6
054280030 5
054280040 10
054280042 7
054280049 5
054280053 5
054280057 10
054280062 10
054280078 8
054280109 7
054280118 8
054280125 4
054280128 5
054280146 4
054280148 6
054280175 5
054320015 4
054320019 4
054320020 5
054320024 9
054320037 6
054320041 8
054320058 7
054320061 7
054320067 4
054320073 4
054320076 6
054320080 9
054320092 5
054320099 8
054320100 8
054320118 9
054320129 10
054320136 7
054320140 7
054320149 8
055470005 6
055470009 4
055470040 10
055470046 6
055470047 8
055470080 9
055470082 7
055470088 7
055470104 9
055470105 5
055470120 6
055470122 8
055470126 8
055470129 5
055470131 5
055470141 8
055470152 7
055470170 5
055470172 5
055470175 4
055510024 6
055510029 5
055510046 9
055510061 8
055510067 5
055510070 7
055510078 4
055510079 5
055510084 5
055510088 7
055510093 6
055510096 5
055510100 6
055510110 6
055510122 6
055510130 7
055510143 9
055510156 6
055510164 10
055510165 4
060100004 6
060100009 6
060100031 9
060100034 6
060100037 4
060100041 7
060100047 8
060100066 4
060100081 9
060100092 4
060100100 8
060100101 4
060100105 6
060100124 3
060100128 9
060100132 8
060100147 6
060100154 6
060100159 5
060100164 6
060480005 6
060480008 7
060480012 6
060480018 5
060480037 6
060480050 6
060480082 5
060480084 8
060480090 8
060480094 5
060480102 4
060480104 8
060480131 8
060480134 4
060480135 7
060480145 8
060480147 4
060480148 6
060480168 6
060480169 7
060670002 8
060670003 9
060670017 8
060670029 7
060670035 9
060670036 6
060670038 6
060670041 5
060670044 10
060670049 7
060670060 8
060670062 4
060670072 7
060670075 7
060670080 10
060670094 10
060670111 7
060670140 6
060670144 8
060670149 4
060990011 5
060990014 6
060990023 6
060990029 10
060990030 7
060990034 8
060990035 6
060990039 4
060990059 7
060990078 7
060990083 7
060990089 6
060990093 6
060990117 8
060990121 6
060990124 6
060990129 7
060990155 6
060990168 7
060990175 7
061210013 6
061210031 5
061210059 6
061210060 8
061210063 9
061210068 9
061210069 8
061210071 5
061210075 4
061210086 5
061210095 5
061210109 8
061210128 9
061210129 10
061210140 4
061210141 6
061210142 5
061210147 7
061210148 5
061210174 4
064010049 4
064010056 4
064010057 4
064010066 6
064010067 6
064010086 5
064010092 5
064010093 7
064010103 4
064010107 4
064010109 4
064010120 4
064010123 4
064010135 4
064010141 6
064010150 9
064010161 10
064010164 5
064010172 5
064010173 5
065040005 10
065040007 5
065040009 7
065040011 7
065040028 9
065040042 5
065040044 7
065040045 6
065040049 5
065040077 6
065040112 4
065040118 7
065040124 6
065040125 6
065040126 5
065040127 6
065040133 9
065040134 7
065040137 7
065040160 5
069020006 6
069020020 6
069020024 7
069020037 5
069020044 10
069020048 4
069020059 7
069020065 7
069020075 6
069020090 10
069020091 6
069020096 8
069020103 7
069020114 8
069020123 4
069020143 5
069020155 5
069020163 6
069020168 4
069020175 5
069120003 9
069120014 4
069120020 6
069120025 5
069120052 6
069120059 7
069120061 6
069120072 5
069120083 4
069120087 5
069120092 5
069120093 9
069120094 5
069120106 6
069120121 9
069120123 4
069120140 8
069120151 6
069120165 6
069120170 8
075510004 9
075510010 8
075510017 7
075510036 8
075510038 8
075510041 4
075510057 5
075510076 8
075510086 7
075510090 9
075510091 9
075510099 6
075510129 8
075510131 10
075510137 5
075510142 9
075510144 8
075510163 8
075510165 8
075510167 9
080570004 5
080570009 6
080570013 5
080570014 7
080570031 9
080570053 6
080570067 7
080570071 9
080570072 10
080570080 9
080570081 5
080570087 5
080570089 8
080570102 10
080570127 7
080570138 5
080570143 10
080570144 9
080570146 7
080570157 5
080630011 7
080630014 5
080630019 5
080630030 6
080630038 6
080630044 7
080630053 10
080630062 6
080630086 9
080630090 10
080630091 7
080630093 6
080630094 6
080630123 5
080630125 8
080630140 7
080630147 7
080630152 6
080630155 6
080630170 8
080680011 7
080680020 5
080680029 8
080680031 9
080680056 6
080680060 7
080680066 8
080680069 10
080680084 6
080680090 5
080680095 9
080680106 6
080680108 10
080680129 7
080680133 8
080680151 7
080680153 8
080680170 8
080680173 6
080680174 5
081530002 5
081530014 10
081530016 5
081530018 6
081530023 7
081530038 8
081530065 9
081530073 8
081530085 8
081530088 6
081530096 9
081530100 10
081530107 8
081530109 8
081530125 5
081530139 6
081530146 8
081530165 6
081530167 8
081530170 7
085810002 8
085810012 6
085810018 8
085810038 9
085810040 8
085810043 5
085810048 10
085810056 5
085810078 8
085810084 8
085810086 5
085810112 9
085810116 10
085810119 8
085810120 8
085810121 7
085810152 6
085810159 8
085810163 5
085810167 8
085840013 7
085840020 9
085840022 6
085840036 5
085840040 6
085840059 10
085840072 8
085840075 6
085840077 7
085840086 6
085840089 7
085840092 6
085840099 8
085840115 9
085840117 5
085840123 9
085840141 8
085840147 6
085840157 9
085840167 10
085850006 9
085850024 6
085850039 8
085850042 9
085850044 6
085850046 5
085850056 9
085850075 5
085850088 5
085850092 9
085850094 5
085850101 5
085850108 9
085850112 7
085850119 6
085850120 5
085850138 8
085850146 6
085850161 9
085850170 9
090340002 9
090340007 7
090340021 7
090340032 8
090340039 9
090340041 9
090340043 10
090340054 5
090340071 5
090340085 7
090340088 5
090340090 9
090340108 5
090340114 9
090340126 9
090340131 6
090340155 8
090340158 5
090340164 6
090340168 10
090700006 5
090700008 7
090700019 5
090700042 10
090700045 6
090700047 5
090700054 6
090700055 8
090700057 9
090700059 7
090700065 7
090700081 8
090700082 5
090700108 7
090700111 8
090700117 9
090700127 8
090700148 6
090700164 9
090700172 9
090880018 5
090880060 5
090880064 8
090880065 9
090880086 7
090880090 10
090880093 6
090880095 10
090880100 9
090880120 9
090880126 6
090880130 7
090880132 5
090880140 6
090880142 9
090880145 6
090880147 6
090880154 7
090880157 9
090880163 9
091010017 7
091010032 6
091010049 7
091010050 10
091010055 5
091010063 7
091010070 4
091010072 8
091010082 4
091010100 10
091010107 10
091010109 9
091010123 7
091010127 8
091010133 6
091010138 8
091010139 5
091010142 6
091010149 10
091010151 8
091070001 5
091070033 6
091070038 10
091070040 8
091070049 5
091070056 7
091070061 7
091070065 8
091070074 9
091070089 7
091070108 9
091070135 6
091070138 5
091070140 9
091070142 10
091070143 5
091070162 8
091070163 6
091070174 9
091070175 8
091180015 9
091180025 7
091180035 9
091180042 6
091180044 9
091180050 6
091180056 5
091180064 5
091180075 10
091180078 10
091180088 10
091180091 7
091180101 6
091180110 5
091180133 7
091180151 5
091180157 8
091180159 7
091180161 8
091180163 7
095530005 10
095530010 6
095530011 5
095530016 5
095530028 9
095530041 8
095530049 9
095530059 5
095530066 8
095530082 9
095530083 6
095530085 6
095530116 7
095530118 7
095530129 10
095530144 7
095530152 5
095530154 5
095530161 5
095530173 6
095550027 6
095550043 5
095550044 9
095550046 7
095550051 9
095550053 8
095550073 7
095550075 7
095550081 5
095550082 7
095550092 7
095550100 9
095550107 5
095550116 7
095550126 6
095550134 6
095550143 8
095550146 6
095550148 5
095550173 8
095560005 9
095560008 7
095560010 5
095560017 6
095560031 7
095560037 7
095560051 6
095560054 5
095560069 7
095560080 8
095560083 10
095560108 5
095560115 6
095560129 5
095560133 8
095560150 8
095560153 9
095560163 5
095560164 9
095560170 6
095580008 9
095580012 9
095580016 8
095580039 8
095580045 10
095580056 7
095580067 7
095580071 10
095580078 6
095580088 8
095580097 9
095580099 7
095580101 10
095580102 8
095580116 8
095580128 6
095580133 10
095580157 9
095580166 9
095580173 5
096010001 8
096010002 8
096010004 8
096010005 7
096010006 8
096010007 6
096010008 8
096010009 10
096010010 8
096010011 10
096010012 9
096010013 9
096010015 9
096010016 9
096010018 7
096010019 10
096010020 10
096010021 8
096010022 8
096010023 8
096040001 9
096040002 8
096040004 5
096040005 8
096040006 9
096040007 10
096040008 5
096040009 5
096040010 10
096040011 8
096040012 8
096040014 9
096040015 6
096040016 10
096040018 9
096040019 9
096040021 7
096040023 10
096040024 8
096040025 8
096080003 8
096080005 8
096080006 10
096080007 9
096080008 8
096080009 7
096080010 6
096080012 7
096080013 10
096080014 6
096080015 8
096080017 7
096080018 9
096080021 10
096080022 10
096080023 10
096080024 10
096080025 8
096080026 9
096080027 10
096090001 10
096090003 7
096090005 9
096090006 7
096090007 9
096090008 8
096090010 9
096090011 8
096090014 8
096090015 6
096090017 9
096090018 5
096090019 10
096090020 8
096090021 8
096090023 9
096090024 9
096090025 9
096090026 6
096090027 9
096100001 10
096100002 8
096100003 9
096100004 8
096100005 9
096100006 7
096100007 9
096100008 6
096100009 5
096100010 10
096100011 9
096100012 10
096100013 5
096100014 5
096100015 7
096100016 10
096100017 6
096100018 9
096100019 7
096100020 5
096130001 6
096130002 6
096130003 8
096130004 5
096130005 8
096130006 5
096130007 9
096130008 6
096130009 10
096130010 5
096130011 6
096130012 6
096130013 8
096130014 10
096130016 9
096130017 9
096130018 10
096130019 6
096130020 8
096130021 6
096140002 10
096140003 9
096140004 10
096140005 7
096140006 5
096140007 9
096140008 7
096140009 6
096140010 5
096140011 9
096140012 7
096140014 8
096140015 10
096140016 10
096140017 9
096140018 9
096140019 7
096140020 7
096140021 7
096140022 10
096150003 8
096150005 9
096150006 10
096150007 10
096150009 9
096150010 10
096150011 8
096150012 10
096150013 10
096150016 7
096150017 7
096150018 7
096150019 7
096150020 9
096150021 9
096150024 10
096150025 10
096150026 10
096150027 7
096150028 7
096160001 7
096160002 6
096160003 5
096160004 8
096160005 6
096160006 9
096160007 8
096160008 10
096160009 9
096160010 7
096160011 10
096160012 10
096160013 8
096160014 9
096160015 8
096160016 6
096160017 9
096160018 9
096160019 6
096160020 9
096170001 6
096170002 9
096170003 5
096170004 9
096170006 10
096170007 8
096170008 7
096170009 6
096170010 7
096170011 10
096170012 8
096170013 9
096170014 7
096170015 5
096170018 9
096170020 9
096170021 9
096170022 9
096170023 7
096170024 7
096180001 9
096180002 6
096180004 9
096180005 6
096180007 9
096180008 8
096180009 6
096180010 6
096180011 6
096180012 8
096180013 8
096180014 8
096180015 9
096180016 9
096180017 10
096180018 10
096180019 10
096180020 8
096180021 8
096180022 9
096230001 10
096230002 5
096230004 5
096230005 7
096230006 7
096230007 6
096230008 5
096230009 7
096230010 6
096230011 7
096230012 9
096230013 8
096230014 9
096230015 7
096230016 10
096230017 10
096230018 10
096230019 5
096230020 10
096230021 8
096240001 5
096240002 8
096240003 5
096240004 5
096240005 8
096240006 10
096240007 10
096240008 7
096240009 7
096240010 8
096240011 6
096240012 10
096240013 5
096240014 10
096240015 9
096240016 5
096240017 8
096240019 9
096240020 6
096240021 10
096280011 7
096280012 6
096280013 10
096280014 7
096280015 7
096280016 5
096280017 8
096280018 8
096280019 6
096280020 10
096280021 7
096280022 7
096280023 8
096280024 10
096280025 6
096280026 6
096280027 6
096280028 7
096280029 7
096280030 7
096310001 7
096310002 8
096310003 7
096310004 6
096310005 6
096310006 6
096310007 5
096310008 8
096310009 7
096310010 6
096310011 9
096310012 8
096310013 8
096310014 8
096310015 7
096310016 9
096310017 6
096310018 9
096310019 9
096310020 7
096350006 8
096350007 7
096350008 8
096350009 7
096350010 8
096350011 8
096350012 10
096350013 9
096350014 6
096350015 8
096350016 10
096350018 7
096350019 7
096350020 5
096350021 8
096350023 8
096350024 8
096350025 8
096350026 6
096350027 6
096390001 6
096390002 7
096390003 5
096390004 7
096390005 7
096390006 5
096390007 5
096390008 9
096390009 6
096390010 8
096390011 5
096390012 8
096390013 9
096390014 7
096390015 7
096390016 10
096390017 5
096390018 8
096390019 6
096390020 10
096430002 6
096430003 6
096430004 6
096430005 8
096430006 8
096430007 6
096430008 6
096430009 5
096430010 5
096430011 5
096430012 5
096430013 7
096430014 5
096430015 6
096430016 6
096430017 8
096430018 5
096430019 6
096430020 7
096430021 5
096460002 9
096460003 8
096460004 7
096460005 5
096460006 9
096460007 7
096460008 5
096460009 5
096460010 5
096460011 6
096460012 7
096460013 5
096460014 5
096460015 5
096460016 6
096460017 5
096460018 5
096460019 5
096460020 5
096460021 5
096470002 8
096470003 7
096470004 6
096470005 9
096470007 5
096470008 5
096470010 6
096470011 5
096470012 7
096470013 5
096470014 5
096470015 6
096470016 6
096470017 7
096470018 5
096470019 5
096470020 6
096470021 6
096470022 5
096470023 5
096490001 7
096490002 6
096490003 7
096490004 6
096490005 8
096490006 5
096490007 6
096490008 7
096490009 7
096490010 5
096490011 8
096490012 5
096490013 6
096490014 5
096490015 6
096490016 5
096490017 5
096490018 5
096490019 5
096490020 5
070010001 5
070010002 8
070010003 7
070010004 10
070010005 9
070010006 9
070010007 6
070010008 6
070010009 5
070010010 8
070010011 8
070010012 7
070010013 5
070010014 6
070010015 8
070010016 9
070010017 7
070010018 8
070010019 7
070010020 8
080020001 5
080020002 5
080020003 10
080020004 5
080020005 5
080020006 6
080020007 5
080020008 7
080020009 10
080020010 7
080020011 8
080020012 8
080020013 6
080020014 5
080020015 6
080020016 5
080020017 5
080020018 6
080020019 7
080020020 6
096000002 8
096000003 9
096000004 10
096000005 9
096000006 8
096000007 10
096000008 10
096000009 7
096000010 7
096000011 7
096000012 9
096000013 6
096000014 6
096000015 10
096000016 10
096000017 10
096000018 9
096000020 10
096000021 10
096000022 8
096060001 9
096060002 5
096060003 7
096060004 5
096060005 7
096060006 10
096060007 5
096060008 9
096060009 10
096060010 9
096060011 8
096060012 5
096060013 5
096060014 7
096060015 7
096060016 10
096060017 10
096060019 6
096060020 8
096060022 8
096070002 8
096070003 9
096070005 9
096070006 5
096070007 8
096070008 9
096070011 8
096070012 5
096070013 10
096070014 9
096070015 9
096070016 6
096070017 8
096070018 8
096070019 6
096070020 9
096070021 9
096070022 7
096070023 9
096070024 8
096110001 10
096110002 8
096110003 6
096110004 5
096110005 9
096110006 9
096110008 5
096110009 8
096110011 10
096110012 8
096110013 5
096110014 9
096110015 9
096110016 9
096110017 10
096110018 8
096110019 9
096110021 7
096110022 7
096110023 10
096120001 7
096120002 6
096120003 9
096120004 9
096120005 8
096120006 9
096120007 8
096120008 5
096120009 9
096120010 5
096120011 10
096120012 9
096120013 10
096120014 6
096120015 9
096120016 5
096120017 5
096120018 8
096120019 8
096120020 6
096190001 6
096190002 5
096190003 7
096190004 8
096190005 10
096190006 6
096190007 10
096190008 7
096190009 9
096190010 5
096190011 5
096190012 9
096190013 8
096190014 10
096190015 9
096190016 9
096190017 7
096190019 10
096190020 5
096190021 5
096220001 9
096220002 5
096220003 5
096220004 10
096220005 9
096220006 6
096220007 7
096220008 10
096220009 5
096220010 9
096220011 8
096220012 7
096220013 10
096220014 10
096220015 10
096220016 10
096220017 5
096220018 10
096220019 5
096220020 6
096250001 7
096250002 9
096250003 6
096250004 5
096250005 8
096250007 7
096250008 6
096250009 7
096250010 6
096250011 8
096250012 7
096250013 7
096250014 10
096250015 5
096250016 6
096250017 6
096250018 7
096250020 9
096250021 10
096250023 5
096260002 5
096260003 6
096260004 9
096260005 7
096260006 8
096260007 10
096260008 9
096260009 9
096260011 6
096260012 6
096260013 5
096260014 5
096260015 8
096260016 8
096260017 8
096260018 6
096260019 9
096260020 6
096260021 7
096260022 7
096290001 6
096290002 6
096290004 5
096290005 6
096290006 7
096290007 8
096290008 7
096290009 8
096290010 6
096290011 5
096290012 8
096290014 9
096290015 6
096290016 6
096290017 6
096290018 8
096290020 8
096290021 8
096290022 10
096290023 5
096300001 9
096300002 5
096300003 6
096300004 8
096300005 6
096300006 6
096300007 7
096300008 7
096300009 6
096300010 8
096300011 5
096300012 10
096300013 9
096300014 6
096300015 6
096300016 10
096300017 5
096300018 5
096300019 5
096300020 5
096330003 7
096330005 6
096330006 7
096330007 6
096330008 6
096330009 5
096330010 7
096330011 6
096330012 7
096330013 8
096330014 5
096330015 7
096330016 7
096330017 8
096330018 9
096330019 9
096330020 7
096330021 10
096330022 10
096330023 10
096340004 8
096340005 8
096340006 6
096340007 6
096340008 7
096340009 5
096340010 5
096340011 6
096340012 9
096340013 5
096340014 7
096340015 6
096340016 8
096340017 9
096340018 9
096340019 9
096340020 9
096340021 7
096340022 7
096340023 7
096400001 10
096400002 6
096400004 7
096400006 7
096400007 8
096400008 10
096400010 6
096400012 6
096400013 5
096400014 5
096400016 7
096400018 5
096400019 6
096400020 5
096400021 6
096400022 5
096400024 5
096400025 7
096400026 5
096400028 6
096450001 5
096450002 7
096450003 9
096450004 5
096450005 9
096450006 6
096450007 7
096450008 5
096450010 6
096450011 8
096450012 7
096450013 10
096450014 8
096450015 5
096450016 6
096450017 5
096450018 5
096450019 6
096450020 7
096450021 6
